1   3.411 3.331 3.352 3.366 3.380 3.469 3.364 3.329 3.350 3.430 
2   2.015 1.976 1.911 1.987 1.915 1.880 1.924 1.919 2.009 2.008 
3   1.395 1.429 1.402 1.404 1.415 1.373 1.390 1.314 1.390 1.325 
4   1.087 1.091 1.098 1.072 1.027 1.070 1.087 1.097 1.126 1.084 
5   0.873 0.898 0.894 0.897 0.900 0.899 0.911 0.923 0.903 0.915 
6   0.798 0.800 0.778 0.796 0.800 0.773 0.746 0.801 0.751 0.769 
7   0.702 0.685 0.684 0.668 0.720 0.708 0.698 0.706 0.697 0.710 
8   0.641 0.618 0.649 0.648 0.646 0.635 0.613 0.629 0.628 0.615 
9   0.570 0.579 0.593 0.588 0.606 0.587 0.580 0.583 0.561 0.551 
10  0.534 0.541 0.542 0.540 0.550 0.535 0.554 0.546 0.557 0.548 
11  0.507 0.509 0.517 0.512 0.508 0.522 0.509 0.501 0.513 0.514 
12  0.484 0.469 0.473 0.472 0.469 0.486 0.484 0.488 0.477 0.484 
13  0.438 0.423 0.460 0.457 0.449 0.471 0.452 0.447 0.448 0.451 
14  0.435 0.434 0.428 0.445 0.442 0.424 0.450 0.441 0.440 0.450 
15  0.434 0.426 0.433 0.420 0.434 0.422 0.430 0.415 0.425 0.434 
16  0.420 0.413 0.423 0.408 0.426 0.409 0.397 0.412 0.427 0.424 
17  0.416 0.421 0.412 0.392 0.391 0.405 0.399 0.394 0.407 0.403 
18  0.407 0.406 0.396 0.396 0.397 0.397 0.414 0.398 0.397 0.409 
19  0.404 0.393 0.392 0.394 0.397 0.395 0.388 0.390 0.386 0.397 
20  0.389 0.395 0.388 0.388 0.396 0.390 0.388 0.389 0.389 0.383 
21  0.392 0.382 0.386 0.381 0.384 0.385 0.385 0.386 0.403 0.388 
22  0.394 0.386 0.386 0.392 0.379 0.389 0.387 0.396 0.385 0.390 
23  0.385 0.369 0.393 0.400 0.386 0.386 0.382 0.396 0.381 0.388 
24  0.392 0.391 0.365 0.383 0.379 0.384 0.383 0.381 0.387 0.375 
25  0.382 0.397 0.387 0.393 0.387 0.388 0.395 0.382 0.376 0.387 
26  0.369 0.387 0.385 0.388 0.388 0.381 0.383 0.381 0.389 0.377 
27  0.383 0.388 0.382 0.384 0.392 0.393 0.392 0.376 0.379 0.389 
28  0.373 0.393 0.391 0.388 0.384 0.383 0.390 0.389 0.388 0.381 
29  0.392 0.398 0.379 0.389 0.389 0.388 0.388 0.389 0.383 0.385 
30  0.384 0.392 0.363 0.396 0.415 0.372 0.376 0.375 0.395 0.386 
31  0.379 0.385 0.390 0.382 0.390 0.380 0.388 0.387 0.384 0.388 
32  0.378 0.394 0.382 0.381 0.378 0.392 0.367 0.388 0.382 0.380 
33  0.417 0.383 0.378 0.380 0.397 0.391 0.394 0.396 0.389 0.389 
34  0.394 0.376 0.397 0.388 0.391 0.390 0.388 0.386 0.394 0.398 
35  0.397 0.385 0.391 0.381 0.385 0.397 0.378 0.390 0.388 0.383 
36  0.412 0.375 0.382 0.373 0.375 0.395 0.399 0.382 0.387 0.396 
37  0.402 0.403 0.401 0.402 0.399 0.392 0.390 0.394 0.394 0.393 
38  0.390 0.387 0.386 0.394 0.391 0.390 0.396 0.385 0.397 0.397 
39  0.399 0.388 0.389 0.402 0.389 0.387 0.393 0.389 0.394 0.389 
40  0.386 0.397 0.393 0.402 0.385 0.399 0.375 0.384 0.389 0.391 
41  0.400 0.388 0.382 0.383 0.386 0.389 0.394 0.393 0.380 0.400 
42  0.394 0.391 0.388 0.395 0.385 0.394 0.389 0.402 0.400 0.392 
43  0.389 0.393 0.380 0.390 0.392 0.394 0.383 0.388 0.388 0.396 
44  0.384 0.388 0.402 0.388 0.394 0.394 0.387 0.391 0.403 0.395 
45  0.397 0.394 0.391 0.397 0.391 0.394 0.397 0.374 0.382 0.404 
46  0.395 0.398 0.401 0.396 0.398 0.395 0.394 0.401 0.391 0.393 
47  0.394 0.407 0.402 0.403 0.393 0.397 0.397 0.389 0.406 0.396 
48  0.410 0.396 0.398 0.390 0.399 0.411 0.412 0.390 0.393 0.399 
49  0.398 0.390 0.396 0.400 0.402 0.405 0.414 0.381 0.433 0.402 
50  0.384 0.403 0.394 0.402 0.402 0.395 0.398 0.395 0.398 0.387 
51  0.399 0.399 0.398 0.395 0.394 0.405 0.403 0.403 0.396 0.401 
52  0.400 0.395 0.406 0.403 0.391 0.400 0.415 0.418 0.406 0.395 
53  0.403 0.406 0.406 0.402 0.402 0.394 0.405 0.387 0.402 0.407 
54  0.401 0.406 0.405 0.403 0.403 0.418 0.403 0.414 0.404 0.409 
55  0.396 0.413 0.405 0.411 0.402 0.405 0.396 0.408 0.399 0.406 
56  0.404 0.409 0.408 0.409 0.386 0.423 0.417 0.426 0.386 0.411 
57  0.404 0.401 0.392 0.409 0.394 0.410 0.409 0.402 0.409 0.404 
58  0.411 0.417 0.411 0.391 0.418 0.406 0.403 0.422 0.420 0.424 
59  0.410 0.409 0.400 0.416 0.427 0.409 0.406 0.407 0.411 0.408 
60  0.415 0.402 0.415 0.396 0.400 0.412 0.423 0.403 0.410 0.406 
61  0.412 0.414 0.412 0.424 0.414 0.409 0.412 0.412 0.416 0.419 
62  0.493 0.420 0.410 0.423 0.466 0.471 0.425 0.416 0.478 0.394 
63  0.455 0.431 0.447 0.425 0.406 0.396 0.464 0.470 0.491 0.459 
64  0.451 0.424 0.474 0.458 0.467 0.455 0.478 0.460 0.458 0.419 
65  0.442 0.480 0.403 0.420 0.446 0.410 0.466 0.456 0.475 0.412 
66  0.429 0.461 0.427 0.482 0.414 0.458 0.465 0.412 0.481 0.398 
67  0.424 0.419 0.409 0.419 0.432 0.422 0.417 0.417 0.404 0.408 
68  0.410 0.410 0.432 0.410 0.401 0.418 0.428 0.420 0.419 0.423 
69  0.428 0.431 0.417 0.425 0.424 0.412 0.426 0.415 0.426 0.416 
70  0.428 0.420 0.418 0.420 0.400 0.430 0.424 0.435 0.422 0.424 
71  0.419 0.409 0.417 0.422 0.437 0.424 0.421 0.435 0.420 0.423 
72  0.424 0.433 0.428 0.434 0.424 0.424 0.424 0.425 0.419 0.421 
73  0.437 0.433 0.423 0.436 0.427 0.434 0.424 0.422 0.427 0.417 
74  0.419 0.420 0.420 0.417 0.419 0.423 0.425 0.420 0.431 0.424 
75  0.425 0.423 0.417 0.446 0.426 0.427 0.440 0.440 0.426 0.432 
76  0.440 0.424 0.426 0.427 0.427 0.426 0.437 0.424 0.415 0.424 
77  0.420 0.420 0.389 0.417 0.421 0.413 0.430 0.432 0.432 0.432 
78  0.441 0.423 0.432 0.430 0.422 0.423 0.425 0.427 0.425 0.425 
79  0.440 0.434 0.432 0.424 0.427 0.428 0.429 0.433 0.429 0.427 
80  0.440 0.428 0.438 0.429 0.428 0.431 0.427 0.419 0.463 0.415 
81  0.423 0.423 0.420 0.432 0.432 0.433 0.429 0.432 0.433 0.427 
82  0.436 0.430 0.432 0.430 0.436 0.434 0.420 0.415 0.441 0.428 
83  0.432 0.431 0.427 0.429 0.429 0.447 0.431 0.429 0.443 0.431 
84  0.440 0.447 0.427 0.438 0.445 0.430 0.434 0.434 0.437 0.434 
85  0.433 0.436 0.436 0.453 0.437 0.442 0.425 0.447 0.418 0.434 
86  0.428 0.452 0.445 0.428 0.434 0.444 0.437 0.436 0.434 0.442 
87  0.451 0.433 0.433 0.434 0.433 0.432 0.438 0.437 0.436 0.421 
88  0.439 0.444 0.443 0.433 0.441 0.441 0.433 0.428 0.450 0.441 
89  0.453 0.436 0.433 0.445 0.443 0.445 0.452 0.423 0.429 0.439 
90  0.439 0.436 0.436 0.439 0.437 0.436 0.433 0.432 0.438 0.438 
91  0.431 0.431 0.452 0.440 0.440 0.457 0.440 0.434 0.437 0.453 
92  0.429 0.453 0.453 0.437 0.438 0.448 0.440 0.445 0.437 0.442 
93  0.453 0.442 0.438 0.442 0.444 0.435 0.453 0.439 0.437 0.441 
94  0.443 0.441 0.442 0.445 0.442 0.455 0.459 0.445 0.439 0.438 
95  0.439 0.445 0.453 0.450 0.441 0.444 0.452 0.457 0.442 0.443 
96  0.442 0.442 0.442 0.442 0.454 0.452 0.439 0.453 0.431 0.445 
97  0.447 0.456 0.447 0.440 0.453 0.439 0.446 0.453 0.444 0.442 
98  0.458 0.444 0.454 0.467 0.456 0.442 0.444 0.459 0.443 0.447 
99  0.439 0.452 0.454 0.445 0.443 0.447 0.443 0.455 0.455 0.438 
100 0.440 0.442 0.445 0.453 0.447 0.443 0.451 0.444 0.446 0.447 
